congress,website,codeCount,diff
99,1,1,0
100,1,1,0
102,1,1,0
103,55,55,0
104,289,289,0
105,870,870,0
106,1685,1682,3
107,2158,2152,6
108,2367,2366,1
109,2890,2889,1
110,3646,3637,9
111,3261,3238,23
112,3094,3931,-837
113,2708,2705,3
114,1990,1976,14
115,12,6,6
